15   0   0   24   0.77308   1
14   0   0   24   0.729964   1
13   0   0   24   0.687522   1
12   0   0   24   0.645746   1
11   0   0   24   0.604628   1
10   0   0   24   0.56416   1
9   0   0   24   0.524334   1
8   0   0   24   0.485142   1
7   0   0   24   0.446577   1
6   0   0   24   0.40863   1
5   0   0   24   0.371294   1
4   0   2   22   0.903799   1
3   0   22   2   6.01404   1
2   14   10   0   14.9341   1
1   22   2   0   18.9112   1
15   36   36   288   47.0043  1
average_routing_length=47.0043
plus_cost=sum(cost(i))=47.0043
delta 1=plus_cost-average_routing_length=-7.10543e-015
delta 1 ºÏ¸ñ
caseNO=7
time_cost=14.119
mid_point
