15   0   0   24   1.23923   1
14   0   0   24   1.16541   1
13   0   0   24   1.09338   1
12   0   0   24   1.0231   1
11   0   0   24   0.954541   1
10   0   0   24   0.887669   1
9   0   0   24   0.82245   1
8   0   12   12   5.64057   1
7   7   17   0   9.79459   1
6   17   7   0   8.97864   0
5   24   0   0   8.11994   1
4   24   0   0   7.12642   1
3   24   0   0   6.63486   1
2   24   0   0   6.55541   1
1   24   0   0   6.84078   1
15   144   36   180   66.877  1
average_routing_length=66.877
plus_cost=sum(cost(i))=66.877
delta 1=plus_cost-average_routing_length=-2.84217e-014
delta 1 ºÏ¸ñ
caseNO=7
time_cost=27.908
mid_point
