15   0   0   24   6.04704   1
14   12   0   12   7.9864   1
13   24   0   0   9.29279   1
12   24   0   0   7.99742   1
11   24   0   0   6.92928   1
10   24   0   0   6.05488   1
9   24   0   0   5.34598   1
8   24   0   0   4.77891   1
7   24   0   0   4.33386   1
6   24   0   0   3.99447   1
5   24   0   0   3.74729   1
4   24   0   0   3.58144   1
3   24   0   0   3.48832   1
2   12   12   0   4.34344   0
1   0   24   0   5.28376   1
15   288   36   36   83.2053  1
average_routing_length=83.2053
plus_cost=sum(cost(i))=83.2053
delta 1=plus_cost-average_routing_length=0
delta 1 ºÏ¸ñ
caseNO=7
time_cost=12.857
mid_point
