15   0   0   24   23.0973   1
14   0   16   8   25.3501   0
13   4   12   8   17.6099   0
12   6   8   10   11.6439   0
11   6   8   10   8.64354   0
10   6   8   10   7.18174   0
9   6   8   10   6.47692   0
8   8   6   10   6.39851   0
7   8   6   10   6.25098   0
6   8   6   10   6.22943   0
5   8   6   10   6.31142   0
4   8   6   10   6.53139   0
3   8   8   8   7.39192   0
2   8   10   6   8.85716   0
1   24   0   0   16.9867   1
15   108   108   144   164.961  1
average_routing_length=164.961
plus_cost=sum(cost(i))=164.961
delta 1=plus_cost-average_routing_length=0
delta 1 ºÏ¸ñ
caseNO=10
time_cost=50.645
mid_point
