15   0   24   0   70.964   1
14   20   4   0   16.4462   1
13   20   3   1   12.8691   1
12   20   3   1   11.769   1
11   20   3   1   11.4568   1
10   20   3   1   11.3687   1
9   19   4   1   11.6212   1
8   19   4   1   11.6142   1
7   19   4   1   11.6128   1
6   19   4   1   11.6142   1
5   19   4   1   11.6204   1
4   19   4   1   11.6421   1
3   19   4   1   11.7168   1
2   19   4   1   11.9737   1
1   0   0   24   23.5199   1
15   252   72   36   251.809  1
average_routing_length=251.809
plus_cost=sum(cost(i))=251.809
delta 1=plus_cost-average_routing_length=2.84217e-014
delta 1 ºÏ¸ñ
caseNO=12
time_cost=18.783
mid_point
