15   0   0   24   1.54703   1
14   0   0   24   1.45098   1
13   0   0   24   1.35778   1
12   0   0   24   1.26735   1
11   0   0   24   1.17964   1
10   0   2   22   2.02155   1
9   4   18   2   10.352   1
8   9   15   0   9.34433   1
7   23   1   0   8.08133   0
6   24   0   0   6.92892   1
5   24   0   0   6.13353   1
4   24   0   0   5.64615   1
3   24   0   0   5.41525   1
2   24   0   0   5.4067   1
1   24   0   0   5.60117   1
15   180   36   144   71.7337  1
average_routing_length=71.7337
plus_cost=sum(cost(i))=71.7337
delta 1=plus_cost-average_routing_length=1.42109e-014
delta 1 ºÏ¸ñ
caseNO=7
time_cost=27.954
mid_point
