15   0   24   0   60.4544   1
14   0   24   0   25.2104   1
13   18   5   1   15.1153   1
12   18   5   1   13.2372   1
11   18   5   1   12.7402   1
10   18   5   1   12.6095   1
9   18   5   1   12.5754   1
8   18   5   1   12.5666   1
7   18   5   1   12.5648   1
6   18   5   1   12.5657   1
5   18   5   1   12.5707   1
4   18   5   1   12.5889   1
3   18   5   1   12.6531   1
2   18   5   1   12.8785   1
1   0   0   24   23.5199   1
15   216   108   36   263.851  1
average_routing_length=263.851
plus_cost=sum(cost(i))=263.851
delta 1=plus_cost-average_routing_length=5.68434e-014
delta 1 ºÏ¸ñ
caseNO=12
time_cost=23.157
mid_point
