15   0   24   0   39.8054   1
14   4   12   8   21.516   0
13   8   8   8   14.446   0
12   8   8   8   10.4587   0
11   10   6   8   8.66284   0
10   10   4   10   7.44673   0
9   10   4   10   7.01581   0
8   10   4   10   6.82338   0
7   10   4   10   6.75949   0
6   10   6   8   7.03283   0
5   10   6   8   7.15473   0
4   10   6   8   7.42804   0
3   10   6   8   7.97893   0
2   10   10   4   9.69222   0
1   24   0   0   14.2955   1
15   144   108   108   176.517  1
average_routing_length=176.517
plus_cost=sum(cost(i))=176.517
delta 1=plus_cost-average_routing_length=2.84217e-014
delta 1 ºÏ¸ñ
caseNO=10
time_cost=50.58
mid_point
