15   12   0   12   72.6907   1
14   10   14   0   15.1241   0
13   10   14   0   11.9654   0
12   10   14   0   11.069   0
11   10   14   0   10.8158   0
10   10   14   0   10.7447   0
9   10   14   0   10.7249   0
8   10   14   0   10.7195   0
7   10   14   0   10.7187   0
6   10   14   0   10.7204   0
5   10   14   0   10.7274   0
4   10   14   0   10.751   0
3   10   14   0   10.8287   0
2   12   12   0   11.7073   0
1   0   0   24   23.5199   1
15   144   180   36   242.828  1
average_routing_length=242.828
plus_cost=sum(cost(i))=242.828
delta 1=plus_cost-average_routing_length=5.68434e-014
delta 1 ºÏ¸ñ
caseNO=12
time_cost=26.219
mid_point
