15   0   12   12   78.7896   1
14   23   0   1   10.679   1
13   23   0   1   10.042   1
12   22   0   2   10.0175   1
11   22   0   2   9.92149   1
10   22   0   2   9.88914   1
9   22   0   2   9.87834   1
8   22   0   2   9.87484   1
7   22   0   2   9.87396   1
6   22   0   2   9.87441   1
5   22   0   2   9.87661   1
4   22   0   2   9.88296   1
3   22   0   2   9.90054   1
2   22   0   2   9.949   1
1   0   24   0   24.6855   1
15   288   36   36   233.135  1
average_routing_length=233.135
plus_cost=sum(cost(i))=233.135
delta 1=plus_cost-average_routing_length=5.68434e-014
delta 1 ºÏ¸ñ
caseNO=12
time_cost=12.488
mid_point
