15   12   0   12   74.8584   1
14   6   18   0   12.1515   0
13   6   18   0   9.96198   0
12   6   18   0   9.2708   0
11   6   18   0   9.05353   0
10   8   16   0   9.7072   0
9   8   16   0   9.68354   0
8   8   16   0   9.67737   0
7   8   16   0   9.67639   0
6   8   16   0   9.6784   0
5   8   16   0   9.6867   0
4   8   16   0   9.71541   0
3   8   16   0   9.81353   0
2   8   16   0   10.1486   0
1   0   0   24   23.5199   1
15   108   216   36   226.603  1
average_routing_length=226.603
plus_cost=sum(cost(i))=226.603
delta 1=plus_cost-average_routing_length=2.84217e-014
delta 1 ºÏ¸ñ
caseNO=12
time_cost=23.388
mid_point
