15   24   0   0   39.8054   1
14   24   0   0   23.0994   1
13   24   0   0   15.0945   1
12   24   0   0   11.2741   1
11   24   0   0   9.46004   1
10   24   0   0   8.60571   1
9   24   0   0   8.21132   1
8   12   12   0   8.0417   1
7   0   24   0   7.99195   1
6   0   24   0   8.02605   1
5   0   24   0   8.15389   1
4   0   24   0   8.43296   1
3   0   0   24   8.99414   1
2   0   0   24   10.103   1
1   0   0   24   12.2857   1
15   180   108   72   187.58  1
average_routing_length=187.58
plus_cost=sum(cost(i))=187.58
delta 1=plus_cost-average_routing_length=-2.84217e-014
delta 1 ºÏ¸ñ
caseNO=10
time_cost=38.587
mid_point
