15   0   0   24   1.03329   1
14   0   0   24   0.973482   1
13   0   0   24   0.914897   1
12   0   0   24   0.857516   1
11   0   0   24   0.80132   1
10   0   0   24   0.74629   1
9   0   0   24   0.692407   1
8   0   0   24   0.639652   1
7   0   2   22   1.34628   1
6   3   19   2   8.82994   1
5   9   15   0   8.91923   1
4   24   0   0   10.0625   1
3   24   0   0   8.73833   1
2   24   0   0   8.36743   1
1   24   0   0   8.78192   1
15   108   36   216   61.7045  1
average_routing_length=61.7045
plus_cost=sum(cost(i))=61.7045
delta 1=plus_cost-average_routing_length=0
delta 1 ºÏ¸ñ
caseNO=7
time_cost=25.287
mid_point
