15   0   0   24   2.0577   1
14   0   0   24   1.92134   1
13   0   0   24   1.79021   1
12   0   0   24   1.66414   1
11   12   0   12   6.5526   1
10   24   0   0   10.0711   1
9   24   0   0   8.42264   1
8   24   0   0   7.15787   1
7   24   0   0   6.20576   1
6   24   0   0   5.51027   1
5   24   0   0   5.02774   1
4   24   0   0   4.72482   1
3   24   0   0   4.57683   1
2   12   12   0   4.85652   0
1   0   24   0   5.28257   1
15   216   36   108   75.8221  1
average_routing_length=75.8221
plus_cost=sum(cost(i))=75.8221
delta 1=plus_cost-average_routing_length=-1.42109e-014
delta 1 ºÏ¸ñ
caseNO=7
time_cost=25.677
mid_point
