15   24   0   0   34.8299   1
14   19   5   0   22.3648   1
13   18   4   2   15.782   1
12   18   3   3   11.5162   1
11   18   3   3   9.15594   1
10   17   4   3   8.09831   1
9   17   4   3   7.5767   1
8   17   4   3   7.34778   1
7   17   3   4   7.44463   1
6   17   4   3   7.29175   1
5   17   4   3   7.41413   1
4   17   4   3   7.69153   1
3   0   21   3   9.33698   1
2   0   21   3   10.7621   1
1   0   24   0   12.2857   1
15   216   108   36   178.898  1
average_routing_length=178.898
plus_cost=sum(cost(i))=178.898
delta 1=plus_cost-average_routing_length=2.84217e-014
delta 1 ºÏ¸ñ
caseNO=10
time_cost=23.436
mid_point
