15   24   0   0   60.4544   1
14   16   8   0   23.3298   0
13   14   10   0   15.0844   0
12   14   10   0   13.0151   0
11   14   10   0   12.4501   0
10   14   10   0   12.2967   0
9   7   14   3   12.2514   1
8   7   14   3   12.2392   1
7   7   14   3   12.2368   1
6   7   14   3   12.2382   1
5   14   10   0   12.2484   0
4   14   10   0   12.2679   0
3   14   10   0   12.3345   0
2   14   10   0   12.5613   0
1   0   0   24   23.5199   1
15   180   144   36   258.528  1
average_routing_length=258.528
plus_cost=sum(cost(i))=258.528
delta 1=plus_cost-average_routing_length=0
delta 1 ºÏ¸ñ
caseNO=12
time_cost=25.72
mid_point
