15   0   24   0   32.1298   1
14   0   24   0   20.819   1
13   0   22   2   17.4614   1
12   1   20   3   14.2733   1
11   1   20   3   9.4313   1
10   1   20   3   7.92654   1
9   1   20   3   7.46128   1
8   1   20   3   7.31828   1
7   1   20   3   7.27463   1
6   1   20   3   7.26143   1
5   1   20   3   7.25754   1
4   2   19   3   7.97379   1
3   1   20   3   7.25705   1
2   1   19   4   7.77563   1
1   24   0   0   24.9899   1
15   36   288   36   186.611  1
average_routing_length=186.611
plus_cost=sum(cost(i))=186.611
delta 1=plus_cost-average_routing_length=-2.84217e-014
delta 1 ºÏ¸ñ
caseNO=12
time_cost=11.874
mid_point
