15   0   0   24   3.07085   1
14   0   0   24   2.84195   1
13   3   0   21   3.71575   1
12   21   0   3   9.37948   1
11   24   0   0   8.86574   1
10   24   0   0   7.5654   1
9   24   0   0   6.53029   1
8   24   0   0   5.71717   1
7   24   0   0   5.09071   1
6   24   0   0   4.62225   1
5   24   0   0   4.28881   1
4   24   0   0   4.07227   1
3   24   0   0   3.95872   1
2   12   12   0   4.56432   0
1   0   24   0   5.28328   1
15   252   36   72   79.567  1
average_routing_length=79.567
plus_cost=sum(cost(i))=79.567
delta 1=plus_cost-average_routing_length=0
delta 1 ºÏ¸ñ
caseNO=7
time_cost=20.163
mid_point
