15   0   0   24   16.2079   1
14   0   0   24   12.8835   1
13   0   0   24   10.3524   1
12   0   6   18   11.6488   0
11   0   8   16   9.61096   0
10   0   10   14   8.01239   0
9   0   12   12   6.92025   0
8   0   12   12   5.77371   0
7   2   10   12   5.89905   0
6   2   10   12   5.16304   0
5   2   10   12   4.83892   0
4   2   10   12   4.71429   0
3   2   10   12   4.70156   0
2   2   10   12   4.78172   0
1   24   0   0   24.3223   1
15   36   108   216   135.831  1
average_routing_length=135.831
plus_cost=sum(cost(i))=135.831
delta 1=plus_cost-average_routing_length=-2.84217e-014
delta 1 ºÏ¸ñ
caseNO=10
time_cost=25.977
mid_point
