15   22   0   2   78.615   1
14   2   20   2   8.94281   1
13   2   20   2   8.1374   1
12   2   20   2   7.86334   1
11   2   20   2   7.77046   1
10   2   19   3   8.11652   1
9   2   19   3   8.10505   1
8   2   19   3   8.10177   1
7   2   19   3   8.10139   1
6   2   19   3   8.10316   1
5   2   19   3   8.10937   1
4   2   19   3   8.12848   1
3   2   19   3   8.18655   1
2   2   20   2   7.9508   1
1   24   0   0   24.3092   1
15   72   252   36   208.541  1
average_routing_length=208.541
plus_cost=sum(cost(i))=208.541
delta 1=plus_cost-average_routing_length=2.84217e-014
delta 1 ºÏ¸ñ
caseNO=12
time_cost=18.837
mid_point
