15   0   0   24   0.885515   1
14   0   0   24   0.835327   1
13   0   0   24   0.78603   1
12   0   0   24   0.73761   1
11   0   0   24   0.690054   1
10   0   0   24   0.643352   1
9   0   0   24   0.597492   1
8   0   0   24   0.552461   1
7   0   0   24   0.508248   1
6   0   0   24   0.464842   1
5   0   12   12   4.26854   1
4   5   19   0   8.85869   1
3   19   5   0   11.8687   0
2   24   0   0   11.8232   1
1   24   0   0   12.2515   1
15   72   36   252   55.7716  1
average_routing_length=55.7716
plus_cost=sum(cost(i))=55.7716
delta 1=plus_cost-average_routing_length=-1.42109e-014
delta 1 ºÏ¸ñ
caseNO=7
time_cost=19.658
mid_point
