15   0   0   24   3.07085   1
14   0   0   24   2.84193   1
13   3   0   21   3.7157   1
12   21   0   3   9.37779   1
11   24   0   0   8.86236   1
10   24   0   0   7.56057   1
9   24   0   0   6.52441   1
8   24   0   0   5.71062   1
7   24   0   0   5.08384   1
6   24   0   0   4.61541   1
5   24   0   0   4.28235   1
4   24   0   0   4.06656   1
3   24   0   0   3.95413   1
2   12   12   0   4.55982   0
1   0   24   0   5.28328   1
15   252   36   72   79.5096  1
average_routing_length=79.5096
plus_cost=sum(cost(i))=79.5096
delta 1=plus_cost-average_routing_length=-1.42109e-014
delta 1 ºÏ¸ñ
time_cost=21.665s
caseNO=7
larget_gap
