15   12   0   12   72.6907   1
14   10   14   0   14.7974   0
13   10   14   0   11.6126   0
12   10   14   0   10.7083   0
11   10   14   0   10.4527   0
10   10   14   0   10.3809   0
9   10   14   0   10.3609   0
8   10   14   0   10.3555   0
7   10   14   0   10.3546   0
6   10   14   0   10.3565   0
5   10   14   0   10.3639   0
4   10   14   0   10.3887   0
3   10   14   0   10.4706   0
2   12   12   0   11.3527   0
1   0   0   24   23.5199   1
15   144   180   36   238.166  1
average_routing_length=238.166
plus_cost=sum(cost(i))=238.166
delta 1=plus_cost-average_routing_length=0
delta 1 ºÏ¸ñ
time_cost=26.08s
caseNO=12
larget_gap
