15   0   0   24   0.77308   1
14   0   0   24   0.729963   1
13   0   0   24   0.687521   1
12   0   0   24   0.645745   1
11   0   0   24   0.604626   1
10   0   0   24   0.564158   1
9   0   0   24   0.524331   1
8   0   0   24   0.485139   1
7   0   0   24   0.446573   1
6   0   0   24   0.408626   1
5   0   0   24   0.37129   1
4   0   2   22   0.903794   1
3   0   22   2   6.01117   1
2   15   9   0   15.5306   1
1   21   3   0   18.231   1
15   36   36   288   46.9176  1
average_routing_length=46.9176
plus_cost=sum(cost(i))=46.9176
delta 1=plus_cost-average_routing_length=-1.42109e-014
delta 1 ºÏ¸ñ
time_cost=12.886s
caseNO=7
larget_gap
