15   0   24   0   60.4544   1
14   0   24   0   24.5836   1
13   18   5   1   14.5296   1
12   18   5   1   12.6226   1
11   18   5   1   12.1175   1
10   18   5   1   11.9844   1
9   18   5   1   11.9496   1
8   18   5   1   11.9407   1
7   18   5   1   11.9389   1
6   18   5   1   11.9399   1
5   18   5   1   11.9456   1
4   18   5   1   11.9659   1
3   18   5   1   12.0376   1
2   18   5   1   12.2896   1
1   0   0   24   23.5199   1
15   216   108   36   255.82  1
average_routing_length=255.82
plus_cost=sum(cost(i))=255.82
delta 1=plus_cost-average_routing_length=0
delta 1 ºÏ¸ñ
time_cost=23.337s
caseNO=12
larget_gap
