15   0   0   24   0.885515   1
14   0   0   24   0.835327   1
13   0   0   24   0.786029   1
12   0   0   24   0.737608   1
11   0   0   24   0.690052   1
10   0   0   24   0.643349   1
9   0   0   24   0.597488   1
8   0   0   24   0.552457   1
7   0   0   24   0.508243   1
6   0   0   24   0.464836   1
5   0   12   12   4.26842   1
4   5   19   0   8.85376   1
3   19   5   0   11.8414   1
2   24   0   0   11.7716   1
1   24   0   0   12.2515   1
15   72   36   252   55.6876  1
average_routing_length=55.6876
plus_cost=sum(cost(i))=55.6876
delta 1=plus_cost-average_routing_length=7.10543e-015
delta 1 ºÏ¸ñ
time_cost=20.437s
caseNO=7
larget_gap
