15   0   24   0   70.964   1
14   20   4   0   16.0232   1
13   20   3   1   12.4062   1
12   20   3   1   11.2931   1
11   20   3   1   10.9769   1
10   20   3   1   10.8876   1
9   19   4   1   11.1345   1
8   19   4   1   11.1275   1
7   19   4   1   11.1261   1
6   19   4   1   11.1276   1
5   19   4   1   11.1343   1
4   19   4   1   11.1577   1
3   19   4   1   11.2384   1
2   19   4   1   11.5157   1
1   0   0   24   23.5199   1
15   252   72   36   245.633  1
average_routing_length=245.633
plus_cost=sum(cost(i))=245.633
delta 1=plus_cost-average_routing_length=0
delta 1 ºÏ¸ñ
time_cost=19.069s
caseNO=12
larget_gap
