15   0   0   24   23.0973   1
14   0   14   10   24.3133   0
13   2   14   8   17.1868   0
12   6   8   10   11.9781   0
11   6   8   10   8.76029   0
10   6   8   10   7.19188   0
9   8   6   10   6.70024   0
8   8   6   10   6.31777   0
7   8   6   10   6.16396   0
6   8   6   10   6.13886   0
5   8   6   10   6.21792   0
4   8   8   8   6.81149   0
3   8   8   8   7.30752   0
2   8   10   6   8.78041   0
1   24   0   0   16.9867   1
15   108   108   144   163.953  1
average_routing_length=163.953
plus_cost=sum(cost(i))=163.953
delta 1=plus_cost-average_routing_length=0
delta 1 ºÏ¸ñ
time_cost=51.287s
caseNO=10
larget_gap
