15   0   24   0   39.8054   1
14   4   12   8   21.4443   0
13   8   8   8   14.339   0
12   8   8   8   10.3325   0
11   8   6   10   8.11967   0
10   10   4   10   7.33978   0
9   10   4   10   6.89126   0
8   10   4   10   6.69017   0
7   10   4   10   6.62189   0
6   10   6   8   6.88551   0
5   10   6   8   7.00554   0
4   10   6   8   7.27664   0
3   10   6   8   7.82389   0
2   12   10   2   10.0136   0
1   24   0   0   14.2955   1
15   144   108   108   174.885  1
average_routing_length=174.885
plus_cost=sum(cost(i))=174.885
delta 1=plus_cost-average_routing_length=-2.84217e-014
delta 1 ºÏ¸ñ
time_cost=52.653s
caseNO=10
larget_gap
