15   0   0   24   1.23923   1
14   0   0   24   1.16541   1
13   0   0   24   1.09337   1
12   0   0   24   1.0231   1
11   0   0   24   0.954535   1
10   0   0   24   0.88766   1
9   0   0   24   0.82244   1
8   0   12   12   5.64041   1
7   7   17   0   9.78975   1
6   17   7   0   8.96916   0
5   24   0   0   8.10207   1
4   24   0   0   7.1077   1
3   24   0   0   6.61868   1
2   24   0   0   6.54532   1
1   24   0   0   6.84078   1
15   144   36   180   66.7996  1
average_routing_length=66.7996
plus_cost=sum(cost(i))=66.7996
delta 1=plus_cost-average_routing_length=1.42109e-014
delta 1 ºÏ¸ñ
time_cost=28.022s
caseNO=7
larget_gap
