15   12   0   12   74.8584   1
14   6   18   0   11.9146   0
13   6   18   0   9.71214   0
12   7   17   0   9.38392   0
11   7   17   0   9.15134   0
10   7   17   0   9.08345   0
9   7   17   0   9.06379   0
8   8   16   0   9.4166   0
7   8   16   0   9.41563   0
6   8   16   0   9.41772   0
5   8   16   0   9.42629   0
4   8   16   0   9.45594   0
3   8   16   0   9.55726   0
2   8   16   0   9.90324   0
1   0   0   24   23.5199   1
15   108   216   36   223.28  1
average_routing_length=223.28
plus_cost=sum(cost(i))=223.28
delta 1=plus_cost-average_routing_length=0
delta 1 ºÏ¸ñ
time_cost=23.977s
caseNO=12
larget_gap
