15   22   0   2   78.615   1
14   2   20   2   8.75524   1
13   2   20   2   7.9462   1
12   2   20   2   7.67083   1
11   2   20   2   7.57747   1
10   2   19   3   7.92307   1
9   2   19   3   7.91153   1
8   2   19   3   7.90823   1
7   2   19   3   7.90787   1
6   2   19   3   7.90968   1
5   2   19   3   7.91603   1
4   2   19   3   7.93556   1
3   2   19   3   7.99493   1
2   2   20   2   7.76289   1
1   24   0   0   24.3092   1
15   72   252   36   206.044  1
average_routing_length=206.044
plus_cost=sum(cost(i))=206.044
delta 1=plus_cost-average_routing_length=2.84217e-014
delta 1 ºÏ¸ñ
time_cost=19.45s
caseNO=12
larget_gap
