15   0   24   0   32.1298   1
14   0   24   0   20.757   1
13   0   22   2   17.3628   1
12   1   20   3   14.1491   1
11   1   20   3   9.28886   1
10   1   20   3   7.77801   1
9   1   20   3   7.31072   1
8   1   20   3   7.16704   1
7   1   20   3   7.12316   1
6   1   20   3   7.10989   1
5   1   20   3   7.10597   1
4   2   19   3   7.825   1
3   1   20   3   7.10549   1
2   1   19   4   7.61876   1
1   24   0   0   24.9899   1
15   36   288   36   184.821  1
average_routing_length=184.821
plus_cost=sum(cost(i))=184.821
delta 1=plus_cost-average_routing_length=-2.84217e-014
delta 1 ºÏ¸ñ
time_cost=12.342s
caseNO=12
larget_gap
