15   0   0   24   2.0577   1
14   0   0   24   1.92133   1
13   0   0   24   1.79019   1
12   0   0   24   1.66412   1
11   12   0   12   6.55236   1
10   24   0   0   10.0676   1
9   24   0   0   8.41661   1
8   24   0   0   7.15011   1
7   24   0   0   6.19697   1
6   24   0   0   5.50111   1
5   24   0   0   5.01887   1
4   24   0   0   4.71689   1
3   24   0   0   4.57054   1
2   12   12   0   4.85194   0
1   0   24   0   5.28257   1
15   216   36   108   75.7589  1
average_routing_length=75.7589
plus_cost=sum(cost(i))=75.7589
delta 1=plus_cost-average_routing_length=2.84217e-014
delta 1 ºÏ¸ñ
time_cost=25.225s
caseNO=7
larget_gap
