15   0   0   24   16.2079   1
14   0   0   24   12.8767   1
13   0   0   24   10.3401   1
12   0   6   18   11.6318   0
11   0   8   16   9.58762   0
10   0   10   14   7.98274   0
9   0   12   12   6.88363   0
8   0   12   12   5.73444   0
7   2   10   12   5.85929   0
6   2   10   12   5.12187   0
5   2   10   12   4.7971   0
4   2   10   12   4.67225   0
3   2   10   12   4.65964   0
2   2   10   12   4.74029   0
1   24   0   0   24.3223   1
15   36   108   216   135.418  1
average_routing_length=135.418
plus_cost=sum(cost(i))=135.418
delta 1=plus_cost-average_routing_length=0
delta 1 ºÏ¸ñ
time_cost=26.491s
caseNO=10
larget_gap
