15   24   0   0   60.4544   1
14   16   8   0   22.9124   0
13   14   10   0   14.5813   0
12   14   10   0   12.4843   0
11   14   10   0   11.9112   0
10   14   10   0   11.7554   0
9   7   14   3   11.7281   1
8   7   14   3   11.7157   1
7   7   14   3   11.7133   1
6   7   14   3   11.7148   1
5   14   10   0   11.707   0
4   14   10   0   11.7284   0
3   14   10   0   11.8016   0
2   14   10   0   12.0511   0
1   0   0   24   23.5199   1
15   180   144   36   251.779  1
average_routing_length=251.779
plus_cost=sum(cost(i))=251.779
delta 1=plus_cost-average_routing_length=0
delta 1 ºÏ¸ñ
time_cost=25.92s
caseNO=12
larget_gap
