15   24   0   0   39.8054   1
14   24   0   0   22.9703   1
13   24   0   0   14.8999   1
12   24   0   0   11.0461   1
11   24   0   0   9.21521   1
10   24   0   0   8.35254   1
9   24   0   0   7.95434   1
8   12   12   0   7.78362   1
7   0   24   0   7.73497   1
6   0   24   0   7.77288   1
5   0   24   0   7.90906   1
4   0   24   0   8.20497   1
3   0   0   24   8.79945   1
2   0   0   24   9.97395   1
1   0   0   24   12.2857   1
15   180   108   72   184.708  1
average_routing_length=184.708
plus_cost=sum(cost(i))=184.708
delta 1=plus_cost-average_routing_length=0
delta 1 ºÏ¸ñ
time_cost=38.784s
caseNO=10
larget_gap
