15   0   0   24   1.03329   1
14   0   0   24   0.973481   1
13   0   0   24   0.914895   1
12   0   0   24   0.857513   1
11   0   0   24   0.801316   1
10   0   0   24   0.746285   1
9   0   0   24   0.692401   1
8   0   0   24   0.639645   1
7   0   2   22   1.34628   1
6   3   19   2   8.82707   1
5   9   15   0   8.91099   1
4   24   0   0   10.0347   1
3   24   0   0   8.70846   1
2   24   0   0   8.34645   1
1   24   0   0   8.78192   1
15   108   36   216   61.6147  1
average_routing_length=61.6147
plus_cost=sum(cost(i))=61.6147
delta 1=plus_cost-average_routing_length=0
delta 1 ºÏ¸ñ
time_cost=25.655s
caseNO=7
larget_gap
