15   0   12   12   78.7896   1
14   23   0   1   10.3046   1
13   23   0   1   9.66112   1
12   22   0   2   9.63643   1
11   22   0   2   9.5394   1
10   22   0   2   9.50668   1
9   22   0   2   9.49574   1
8   22   0   2   9.4922   1
7   22   0   2   9.49132   1
6   22   0   2   9.49182   1
5   22   0   2   9.49416   1
4   22   0   2   9.50091   1
3   22   0   2   9.51961   1
2   22   0   2   9.57114   1
1   0   24   0   24.6855   1
15   288   36   36   228.18  1
average_routing_length=228.18
plus_cost=sum(cost(i))=228.18
delta 1=plus_cost-average_routing_length=0
delta 1 ºÏ¸ñ
time_cost=12.554s
caseNO=12
larget_gap
