15   0   0   24   6.04704   1
14   12   0   12   7.986   1
13   24   0   0   9.29096   1
12   24   0   0   7.99442   1
11   24   0   0   6.92536   1
10   24   0   0   6.05028   1
9   24   0   0   5.34091   1
8   24   0   0   4.77358   1
7   24   0   0   4.32849   1
6   24   0   0   3.98925   1
5   24   0   0   3.74242   1
4   24   0   0   3.57715   1
3   24   0   0   3.48483   1
2   12   12   0   4.33902   0
1   0   24   0   5.28376   1
15   288   36   36   83.1535  1
average_routing_length=83.1535
plus_cost=sum(cost(i))=83.1535
delta 1=plus_cost-average_routing_length=0
delta 1 ºÏ¸ñ
time_cost=12.896s
caseNO=7
larget_gap
