15   24   0   0   34.8299   1
14   19   5   0   22.2829   1
13   18   4   2   15.6517   1
12   18   3   3   11.3566   1
11   18   3   3   8.98082   1
10   17   4   3   7.91387   1
9   17   4   3   7.38851   1
8   17   4   3   7.15821   1
7   17   3   4   7.25341   1
6   17   4   3   7.10469   1
5   17   4   3   7.23214   1
4   17   4   3   7.51996   1
3   0   21   3   9.13733   1
2   0   21   3   10.6335   1
1   0   24   0   12.2857   1
15   216   108   36   176.729  1
average_routing_length=176.729
plus_cost=sum(cost(i))=176.729
delta 1=plus_cost-average_routing_length=-5.68434e-014
delta 1 ºÏ¸ñ
time_cost=24.955s
caseNO=10
larget_gap
