15   0   24   0   45.9919
14   0   24   0   27.1479
13   0   24   0   19.3451
12   0   24   0   16.1301
11   0   24   0   14.8131
10   0   24   0   14.2771
9   0   24   0   14.061
8   12   12   0   18.0509
7   24   0   0   20.5777
6   24   0   0   20.5593
5   24   0   0   20.5567
4   24   0   0   20.5563
3   24   0   0   20.5562
2   12   0   12   22.4354
1   0   0   24   23.5199
15   144   180   36   318.579
average_routing_length=318.579
plus_cost=sum(cost(i))=318.579
delta 1=plus_cost-average_routing_length=-1.13687e-013
delta 1 ºÏ¸ñ
time_cost=20.531
caseNO=12
S-shape
