15   0   0   24   19.1788
14   0   0   24   15.3313
13   0   0   24   12.558
12   0   0   24   10.5665
11   0   0   24   9.14243
10   0   0   24   8.12902
9   0   0   24   7.41188
8   0   12   12   10.9214
7   0   24   0   13.474
6   0   24   0   12.7946
5   0   24   0   12.4958
4   0   24   0   12.3656
3   24   0   0   20.6234
2   24   0   0   20.5618
1   24   0   0   20.558
15   72   108   180   206.113
average_routing_length=206.113
plus_cost=sum(cost(i))=206.113
delta 1=plus_cost-average_routing_length=2.84217e-014
delta 1 ºÏ¸ñ
time_cost=28.189
