15   0   1   23   30.0229
14   0   1   23   21.4361
13   0   0   24   16.1082
12   0   0   24   13.1829
11   0   10   14   13.2068
10   0   24   0   14.0237
9   0   24   0   13.0749
8   0   24   0   12.6389
7   0   24   0   12.4408
6   24   0   0   14.3739
5   24   0   0   14.3228
4   24   0   0   14.3044
3   24   0   0   14.2981
2   24   0   0   14.296
1   24   0   0   14.2955
15   144   108   108   232.026
average_routing_length=232.026
plus_cost=sum(cost(i))=232.026
delta 1=plus_cost-average_routing_length=-5.68434e-014
delta 1 ºÏ¸ñ
time_cost=34.462
caseNO=10
S-shape
