15   1   23   0   53.4791
14   0   24   0   28.2615
13   0   24   0   20.0868
12   0   24   0   17.3525
11   0   24   0   16.4434
10   0   24   0   16.1431
9   23   1   0   18.6206
8   24   0   0   18.6714
7   24   0   0   18.6616
6   24   0   0   18.6594
5   24   0   0   18.6589
4   24   0   0   18.6588
3   24   0   0   18.6588
2   12   0   12   21.9364
1   0   0   24   23.5199
15   180   144   36   327.812
average_routing_length=327.812
plus_cost=sum(cost(i))=327.812
delta 1=plus_cost-average_routing_length=0
delta 1 ºÏ¸ñ
time_cost=19.944
caseNO=12
S-shape
