15   0   0   24   10.1707
14   0   0   24   8.85144
13   0   0   24   7.7521
12   0   0   24   6.83829
11   0   0   24   6.0808
10   0   0   24   5.45481
9   0   0   24   4.93926
8   0   12   12   11.5383
7   0   24   0   15.5429
6   0   24   0   13.6804
5   0   24   0   12.861
4   0   24   0   12.4884
3   24   0   0   25.3597
2   24   0   0   24.9401
1   24   0   0   24.94
15   72   108   180   191.438
average_routing_length=191.438
plus_cost=sum(cost(i))=191.438
delta 1=plus_cost-average_routing_length=-5.68434e-014
delta 1 ºÏ¸ñ
time_cost=27.877
