15   0   0   24   16.297
14   0   0   24   13.3968
13   0   0   24   11.205
12   0   0   24   9.55428
11   0   0   24   8.31581
10   0   0   24   7.39071
9   0   0   24   6.70316
8   0   0   24   6.19514
7   0   0   24   5.82233
6   0   24   0   13.6915
5   0   24   0   12.8665
4   0   24   0   12.5131
3   12   12   0   22.1484
2   0   24   0   12.2896
1   24   0   0   24.3223
15   36   108   216   182.712
average_routing_length=182.712
plus_cost=sum(cost(i))=182.712
delta 1=plus_cost-average_routing_length=-2.84217e-014
delta 1 ºÏ¸ñ
time_cost=18.108
caseNO=10
S-shape
