15   0   24   0   40.462
14   0   24   0   25.6161
13   0   24   0   18.5567
12   0   24   0   15.2162
11   0   24   0   13.6443
10   0   24   0   12.9095
9   0   24   0   12.5687
8   0   24   0   12.412
7   0   24   0   12.3418
6   24   0   0   22.6188
5   24   0   0   22.5768
4   24   0   0   22.5726
3   24   0   0   22.5723
2   12   0   12   23.1044
1   0   0   24   23.5199
15   108   216   36   300.692
average_routing_length=300.692
plus_cost=sum(cost(i))=300.692
delta 1=plus_cost-average_routing_length=0
delta 1 ºÏ¸ñ
time_cost=17.984
caseNO=12
S-shape
