15   0   24   0   36.0772
14   0   24   0   24.0697
13   0   24   0   17.7682
12   0   24   0   14.4769
11   0   24   0   12.767
10   0   24   0   11.8845
9   0   24   0   11.4323
8   0   24   0   11.2026
7   0   24   0   11.0871
6   0   24   0   11.029
5   0   0   24   23.5886
4   0   12   12   20.4466
3   24   0   0   24.3098
2   24   0   0   24.3092
1   24   0   0   24.3092
15   72   252   36   278.758
average_routing_length=278.758
plus_cost=sum(cost(i))=278.758
delta 1=plus_cost-average_routing_length=-5.68434e-014
delta 1 ºÏ¸ñ
time_cost=14.69
caseNO=12
S-shape
