15   24   0   0   47.2719
14   24   0   0   27.4365
13   24   0   0   19.5028
12   24   0   0   16.3453
11   24   0   0   15.0959
10   24   0   0   14.6049
9   24   0   0   14.4135
8   24   0   0   14.3396
7   24   0   0   14.3114
6   24   0   0   14.3008
5   24   0   0   14.2969
4   24   0   0   14.2954
3   0   12   12   24.3184
2   0   0   24   23.5199
1   0   24   0   24.6855
15   288   36   36   298.739
average_routing_length=298.739
plus_cost=sum(cost(i))=298.739
delta 1=plus_cost-average_routing_length=0
delta 1 ºÏ¸ñ
time_cost=10.39
caseNO=12
S-shape
