15   0   0   24   1.5475
14   0   0   24   1.45468
13   0   0   24   1.36464
12   0   0   24   1.27731
11   0   4   20   3.01051
10   2   7   15   4.96544
9   7   7   10   6.60586
8   12   9   3   8.61401
7   17   7   0   8.66057
6   22   2   0   7.73643
5   24   0   0   7.00868
4   24   0   0   6.45198
3   24   0   0   6.05786
2   24   0   0   5.78474
1   24   0   0   5.60117
15   180   36   144   76.1414
average_routing_length=76.1414
plus_cost=sum(cost(i))=76.1414
delta 1=plus_cost-average_routing_length=0
delta 1 ºÏ¸ñ
time_cost=20.724
caseNO=7
S-shape
