15   8   0   16   7.79354
14   13   0   11   8.02436
13   17   0   7   7.92431
12   22   0   2   7.95024
11   24   0   0   7.38753
10   24   0   0   6.588
9   24   0   0   5.9296
8   24   0   0   5.38955
7   24   0   0   4.94855
6   24   0   0   4.59029
5   24   0   0   4.301
4   24   0   0   4.06905
3   24   0   0   3.88465
2   12   12   0   4.67444
1   0   24   0   5.28376
15   288   36   36   88.7389
average_routing_length=88.7389
plus_cost=sum(cost(i))=88.7389
delta 1=plus_cost-average_routing_length=-1.42109e-014
delta 1 ºÏ¸ñ
time_cost=10.11
caseNO=7
S-shape
