15   24   0   0   56.5447
14   24   0   0   28.7959
13   24   0   0   20.4925
12   24   0   0   18.0203
11   24   0   0   17.2887
10   24   0   0   17.0737
9   24   0   0   17.011
8   24   0   0   16.9929
7   24   0   0   16.9877
6   0   24   0   18.6594
5   0   24   0   18.6589
4   0   24   0   18.6588
3   0   24   0   18.6588
2   0   12   12   21.9364
1   0   0   24   23.5199
15   216   108   36   329.3
average_routing_length=329.3
plus_cost=sum(cost(i))=329.3
delta 1=plus_cost-average_routing_length=0
delta 1 ºÏ¸ñ
time_cost=18.036
caseNO=12
S-shape
