15   24   0   0   40.4636
14   24   0   0   25.6171
13   24   0   0   18.5575
12   24   0   0   15.2168
11   24   0   0   13.6449
10   24   0   0   12.91
9   24   0   0   12.5691
8   12   12   0   12.4125
7   0   24   0   12.3413
6   0   24   0   12.3095
5   0   24   0   12.2954
4   0   24   0   12.2894
3   0   0   24   12.287
2   0   0   24   12.286
1   0   0   24   12.2857
15   180   108   72   237.486
average_routing_length=237.486
plus_cost=sum(cost(i))=237.486
delta 1=plus_cost-average_routing_length=5.68434e-014
delta 1 ºÏ¸ñ
time_cost=29.35
caseNO=10
S-shape
