15   0   0   24   0.885667
14   0   0   24   0.83655
13   0   0   24   0.788309
12   0   0   24   0.740932
11   0   0   24   0.694407
10   0   0   24   0.648722
9   0   0   24   0.603865
8   0   0   24   0.559825
7   0   0   24   0.516591
6   0   5   19   2.01925
5   0   11   13   3.62415
4   8   12   4   8.89201
3   16   8   0   11.5884
2   24   0   0   13.0021
1   24   0   0   12.2515
15   72   36   252   57.6523
average_routing_length=57.6523
plus_cost=sum(cost(i))=57.6523
delta 1=plus_cost-average_routing_length=-7.10543e-015
delta 1 ºÏ¸ñ
time_cost=16.533
caseNO=7
S-shape
