15   0   24   0   32.5283
14   0   24   0   22.6018
13   0   24   0   16.9924
12   0   24   0   13.8372
11   0   24   0   12.0718
10   0   24   0   11.0901
9   0   24   0   10.5481
8   0   24   0   10.2514
7   0   24   0   10.0907
6   0   24   0   10.0047
5   0   24   0   9.95926
4   0   24   0   9.93516
3   0   0   24   23.5593
2   12   0   12   24.878
1   24   0   0   24.9899
15   36   288   36   243.338
average_routing_length=243.338
plus_cost=sum(cost(i))=243.338
delta 1=plus_cost-average_routing_length=0
delta 1 ºÏ¸ñ
time_cost=9.76
caseNO=12
S-shape
