15   0   0   24   0.773199
14   0   0   24   0.730904
13   0   0   24   0.689274
12   0   0   24   0.648301
11   0   0   24   0.607977
10   0   0   24   0.568295
9   0   0   24   0.529246
8   0   0   24   0.490822
7   0   0   24   0.453016
6   0   0   24   0.415821
5   0   3   21   1.19056
4   0   8   16   2.35951
3   0   13   11   3.35932
2   16   8   0   16.9923
1   20   4   0   17.5747
15   36   36   288   47.3832
average_routing_length=47.3832
plus_cost=sum(cost(i))=47.3832
delta 1=plus_cost-average_routing_length=0
delta 1 ºÏ¸ñ
time_cost=10.733
caseNO=7
S-shape
