15   1   0   23   3.4576
14   5   0   19   4.6543
13   9   0   15   5.62323
12   14   0   10   6.6965
11   19   0   5   7.49791
10   24   0   0   8.05853
9   24   0   0   7.12237
8   24   0   0   6.37212
7   24   0   0   5.77392
6   24   0   0   5.29979
5   24   0   0   4.9266
4   24   0   0   4.63532
3   24   0   0   4.4103
2   12   12   0   4.89885
1   0   24   0   5.28328
15   252   36   72   84.7106
average_routing_length=84.7106
plus_cost=sum(cost(i))=84.7106
delta 1=plus_cost-average_routing_length=0
delta 1 ºÏ¸ñ
time_cost=15.328
caseNO=7
S-shape
