15   0   0   24   1.23795
14   0   0   24   1.16631
13   0   0   24   1.09641
12   0   0   24   1.02823
11   0   0   24   0.961729
10   0   3   21   1.26664
9   0   8   16   1.7745
8   0   12   12   2.0993
7   0   16   8   2.37258
6   0   21   3   2.71663
5   0   24   0   2.78193
4   7   17   0   6.33216
3   17   7   0   10.7903
2   24   0   0   13.0046
1   24   0   0   12.2533
15   72   108   180   60.8825
average_routing_length=60.8825
plus_cost=sum(cost(i))=60.8825
delta 1=plus_cost-average_routing_length=1.42109e-014
delta 1 ºÏ¸ñ
time_cost=31.886
