15   0   0   24   34.2134
14   0   0   24   23.323
13   0   0   24   17.3778
12   0   0   24   14.1474
11   0   0   24   12.4015
10   0   0   24   11.4638
9   0   0   24   10.9641
8   0   12   12   15.7686
7   0   24   0   18.836
6   0   24   0   18.6957
5   0   24   0   18.6671
4   0   24   0   18.6601
3   24   0   0   24.3099
2   24   0   0   24.3092
1   24   0   0   24.3092
15   72   108   180   287.447
average_routing_length=287.447
plus_cost=sum(cost(i))=287.447
delta 1=plus_cost-average_routing_length=0
delta 1 ºÏ¸ñ
time_cost=28.081
