15   0   0   24   1.23953
14   0   0   24   1.16779
13   0   0   24   1.09781
12   0   0   24   1.02954
11   0   0   24   0.962954
10   0   1   23   1.32182
9   0   6   18   3.23041
8   4   7   13   5.30758
7   9   9   6   7.77731
6   15   9   0   9.38891
5   20   4   0   8.66903
4   24   0   0   8.13139
3   24   0   0   7.49626
2   24   0   0   7.08959
1   24   0   0   6.84078
15   144   36   180   70.7507
average_routing_length=70.7507
plus_cost=sum(cost(i))=70.7507
delta 1=plus_cost-average_routing_length=0
delta 1 ºÏ¸ñ
time_cost=20.998
caseNO=7
S-shape
