15   0   0   24   5.23966
14   0   0   24   4.7639
13   0   0   24   4.33447
12   0   0   24   3.94736
11   0   0   24   3.59891
10   0   0   24   3.28574
9   0   4   20   4.63925
8   0   11   13   6.83413
7   0   21   3   9.54233
6   0   24   0   9.27897
5   0   24   0   8.35876
4   0   24   0   7.78054
3   24   0   0   25.649
2   24   0   0   23.5548
1   24   0   0   23.525
15   72   108   180   144.333
average_routing_length=144.333
plus_cost=sum(cost(i))=144.333
delta 1=plus_cost-average_routing_length=0
delta 1 ºÏ¸ñ
time_cost=28.783
