15   24   0   0   51.5367
14   24   0   0   28.2204
13   24   0   0   19.9822
12   24   0   0   17.0862
11   24   0   0   16.074
10   24   0   0   15.7227
9   24   0   0   15.6018
8   24   0   0   15.5605
7   24   0   0   15.5467
6   24   0   0   15.542
5   0   24   0   21.9036
4   12   12   0   19.5869
3   0   24   0   21.9025
2   0   12   12   22.8589
1   0   0   24   23.5199
15   252   72   36   320.645
average_routing_length=320.645
plus_cost=sum(cost(i))=320.645
delta 1=plus_cost-average_routing_length=0
delta 1 ºÏ¸ñ
time_cost=15.33
caseNO=12
S-shape
