15   0   0   24   2.05853
14   0   0   24   1.92786
13   2   0   22   2.68252
12   7   0   17   4.57061
11   11   0   13   5.71762
10   17   0   7   7.34486
9   23   0   1   8.56485
8   24   0   0   7.82255
7   24   0   0   6.95049
6   24   0   0   6.28097
5   24   0   0   5.77116
4   24   0   0   5.38685
3   24   0   0   5.10079
2   12   12   0   5.19474
1   0   24   0   5.28257
15   216   36   108   80.657
average_routing_length=80.657
plus_cost=sum(cost(i))=80.657
delta 1=plus_cost-average_routing_length=-1.42109e-014
delta 1 ºÏ¸ñ
time_cost=18.816
caseNO=7
S-shape
