15   0   0   24   4.87009
14   0   0   24   4.46725
13   0   0   24   4.09719
12   0   0   24   3.75759
11   0   0   24   3.44629
10   0   3   21   3.64646
9   0   7   17   3.94531
8   0   12   12   4.33042
7   0   16   8   4.4983
6   0   22   2   4.91762
5   3   21   0   5.43006
4   9   15   0   6.29842
3   15   9   0   7.12901
2   21   3   0   7.9894
1   24   0   0   8.3152
15   72   108   180   77.1386
average_routing_length=77.1386
plus_cost=sum(cost(i))=77.1386
delta 1=plus_cost-average_routing_length=-1.42109e-014
delta 1 ºÏ¸ñ
time_cost=30.607
