15   0   0   24   23.288
14   0   0   24   17.865
13   0   0   24   14.2208
12   0   0   24   11.7819
11   0   0   24   10.1572
10   0   0   24   9.08078
9   0   24   0   14.472
8   0   24   0   13.2642
7   0   24   0   12.7154
6   0   24   0   12.4696
5   12   12   0   14.9924
4   24   0   0   17.021
3   24   0   0   16.9946
2   24   0   0   16.9878
1   24   0   0   16.9867
15   108   108   144   222.298
average_routing_length=222.298
plus_cost=sum(cost(i))=222.298
delta 1=plus_cost-average_routing_length=5.68434e-014
delta 1 ºÏ¸ñ
time_cost=34.439
caseNO=10
S-shape
