15   0   0   24   1.0335
14   0   0   24   0.975143
13   0   0   24   0.917988
12   0   0   24   0.862017
11   0   0   24   0.80721
10   0   0   24   0.753548
9   0   0   24   0.701013
8   0   3   21   1.74924
7   0   8   16   3.33902
6   5   9   10   6.12379
5   12   11   1   9.66894
4   19   5   0   10.0349
3   24   0   0   9.88692
2   24   0   0   9.16193
1   24   0   0   8.78192
15   108   36   216   64.797
average_routing_length=64.797
plus_cost=sum(cost(i))=64.797
delta 1=plus_cost-average_routing_length=-1.42109e-014
delta 1 ºÏ¸ñ
time_cost=19.443
caseNO=7
S-shape
